0 2.9446e+08 3142.82 2164.1 75.1363 1
1 1.44779e+07 3291.39 2294.97 89.7221 7.66707
2 1.20572e+06 3430.3 2433.64 101.169 15.8428
3 207985 3530.9 2567.2 110.574 23.9129
4 72611 3561.15 2665.53 113.703 31.6307
5 39608 3620.94 2766.74 120.262 39.2167
6 19538 3824.04 2939.86 135.346 49.5096
7 15117 3909.97 3057.09 139.271 57.8369
8 11599 4013.02 3167.51 150.549 67.1384
9 7097 4029.73 3266.73 151.684 75.7791
10 3033 3993.41 3361.69 146.569 84.7472
11 1768 3993.21 3481.9 146.034 93.2188
12 1414 4099.01 3595.47 156.284 102.869
13 967 4174.77 3791.11 159.092 111.682
14 825 4136.97 3821.82 156.223 120.275
15 766 4186.68 4082.25 160.594 128.205
16 474 4179.32 4162.45 163.051 138.286
17 392 4290.82 4339.29 163.635 147.954
18 315 4149.21 4333.33 155.902 154.911
19 298 4298.66 4476.51 161.336 164.104
20 257 4385.21 4680.93 171.191 173.484
21 138 4289.86 4666.67 167.225 180.899
22 105 4304.76 4723.81 168.819 188.953
23 90 4200 4788.89 177.589 197.945
24 87 4471.26 4839.08 182.586 206.523
25 75 4213.33 5133.33 164.333 211.974
26 86 4058.14 5046.51 166.151 221.931
27 91 4406.59 5428.57 175.945 233.587
28 77 4246.75 5454.55 173.805 242.333
29 70 4642.86 5642.86 179.229 249.648
30 65 4784.62 5646.15 180.108 258.53
31 42 4523.81 6071.43 178.595 264.326
32 48 4229.17 5729.17 176.042 271.51
33 43 4325.58 5883.72 178.721 280.455
34 30 4400 5933.33 182.2 287.806
35 29 4896.55 6379.31 190.655 293
36 36 4277.78 6250 187.028 309.324
37 29 4379.31 6413.79 169.31 313.133
38 22 4500 6772.73 188.909 320.13
39 23 4304.35 6739.13 185.913 329.833
40 29 4448.28 6965.52 178.414 341.4
41 21 4571.43 6952.38 198.667 344.182
42 30 4500 6966.67 189.5 358.613
43 18 4166.67 6944.44 194.111 361.105
44 25 4440 6680 186.56 370.115
45 20 4600 7550 196.5 379.238
46 24 4416.67 7625 190.667 390.4
47 13 4923.08 7307.69 198.385 388
48 27 4481.48 7555.56 202.704 408.893
49 28 4750 7678.57 201.393 416.586
50 23 4217.39 7565.22 197.348 419.833
51 21 4571.43 7809.52 224.095 433.636
52 27 4592.59 7962.96 202.037 443.143
53 24 4791.67 8208.33 215.208 450
54 17 4588.24 7823.53 211.118 451.944
55 16 4625 8250 221.938 455.471
56 19 4315.79 8842.11 189.947 469.7
57 16 4625 8250 197.938 472.353
58 20 4750 8800 208.95 487.143
59 13 4923.08 8384.62 201.154 485.429
60 12 4583.33 8583.33 200.167 493.846
61 19 4631.58 8684.21 210.316 514.65
62 13 4384.62 9230.77 193.846 510.714
63 16 4375 10062.5 209.812 527.118
64 15 4533.33 9600 211.133 534.5
65 17 4882.35 9529.41 223.059 544.333
66 18 4388.89 9277.78 205.889 554.526
67 23 4695.65 9608.7 207.913 571.167
68 6 4333.33 9500 216.833 515.857
69 19 4578.95 9526.32 211.737 582.05
70 18 4555.56 9888.89 197.278 587
71 15 4666.67 10933.3 192.067 590.25
72 21 4809.52 10571.4 210.143 610.818
73 17 4588.24 10411.8 227.471 612.667
74 17 4705.88 10352.9 212 617.333
75 10 5200 10500 257.3 604.545
76 15 4400 10200 226.6 634.625
77 17 4529.41 10647.1 212.882 644.667
78 21 4761.9 11000 223.619 660.591
79 15 4466.67 10066.7 208.333 656.5
80 16 4500 10250 217.438 664.706
81 14 4785.71 11142.9 208.714 668.067
82 11 4909.09 11727.3 210.909 666.583
83 6 4500 11333.3 201.333 633.857
84 8 4875 11625 207.625 658.222
85 5 4400 12600 204 633.167
86 16 5062.5 11937.5 210.125 719.529
87 2 4500 11500 215.5 517
88 15 4933.33 12400 216.067 730.25
89 9 4777.78 11555.6 212.667 712.5
90 6 4500 12500 207 685.429
91 9 4555.56 12333.3 192.333 727.1
92 9 4444.44 13000 194 737.3
93 7 5428.57 12571.4 250.714 722.375
94 2 5500 12500 288 560
95 7 4857.14 12000 228.286 741.25
96 7 5000 13000 237.714 748.75
97 5 4400 11600 205.6 712.333
98 5 5600 13400 220.2 728.5
99 8 5000 14875 192.125 782.667
100 5 5200 12600 231.2 740.333
101 5 5000 11400 256 750.5
102 5 5000 12000 196.6 757.5
103 7 5571.43 15428.6 247.429 800
104 7 4714.29 12571.4 205.857 810.75
105 6 4833.33 12500 232 802.143
106 8 4625 14375 198.125 841.556
107 10 4600 13100 220.1 867.455
108 6 5333.33 14166.7 234.833 822.429
109 10 5300 14100 220.7 884.364
110 5 5200 15800 249 814.167
111 3 5000 13000 227.333 744
112 6 5166.67 13333.3 259.833 854
113 6 4833.33 12833.3 239 862.571
114 4 4750 13000 230.5 815
115 8 4625 16250 223.875 914.333
116 5 5400 15000 229 865.167
117 6 4333.33 14500 207 886.571
118 5 4600 16600 212.6 875.167
119 8 5375 15875 229.25 936.444
120 10 4900 13600 228.9 974.727
121 10 5400 14500 244 980.091
122 5 4800 17400 231.2 906.333
123 5 4800 15000 232.8 913.5
124 6 4666.67 15166.7 221 949.143
125 8 5125 16750 216.375 990
126 3 5333.33 17000 242.333 843
127 2 5500 17500 227 754.667
128 7 5571.43 17142.9 244.286 999.875
129 4 5000 14750 230 920.8
130 7 5142.86 17857.1 233.143 1010.75
131 5 5200 16200 247.4 972.833
132 5 4600 15600 225.2 982.667
133 7 5000 17142.9 228.857 1038.62
134 10 5200 15400 243.5 1087.91
135 4 5250 15500 235 961.4
136 3 4666.67 17000 202.333 913.75
137 4 4750 14250 248.5 980.4
138 4 5750 17500 231.25 989.4
139 6 5000 17000 231.333 1064.86
140 7 4571.43 16142.9 223.429 1093
141 9 4888.89 15444.4 208.778 1135.7
142 5 5200 18400 238.6 1059
143 3 5000 16333.3 237.667 956.75
144 3 5666.67 18000 253.333 954.5
145 1 5000 23000 234 646.5
146 2 5000 18000 247.5 868.667
147 5 5000 17800 231 1098
148 4 5000 19750 224.25 1055.4
149 1 5000 19000 236 661.5
150 3 5000 19000 223.667 1003.75
151 6 5166.67 17833.3 225.167 1159.14
152 4 4750 18500 224.75 1086.6
153 8 4875 18375 236 1213.78
154 3 4666.67 20666.7 239.667 1035
155 6 5666.67 22000 241 1190.29
156 5 9400 19800 244.2 1162
157 3 4666.67 21333.3 204 1049.5
158 3 5333.33 19333.3 225.333 1040.5
159 2 6500 31000 232.5 948.667
160 2 5500 20000 232 948
161 5 5200 19000 238 1184.5
162 3 5333.33 20666.7 218.333 1088.25
163 6 5500 19833.3 252.667 1246.29
164 3 5000 18666.7 219 1099.25
165 6 4666.67 18666.7 241.167 1262.57
166 2 6000 17500 269.5 968
168 4 5250 20500 222.25 1203
169 4 5250 23250 219.75 1212
170 5 5000 20400 227 1268.5
171 2 4500 23500 197 1019
172 5 5800 23200 255.4 1281.17
173 6 5166.67 19833.3 244 1319.86
175 2 4500 20500 244.5 1042.67
176 4 5250 19750 227.25 1247.6
177 4 9750 22500 245.5 1266.6
178 5 5600 23200 216.8 1324.67
179 1 8000 22000 323 771.5
180 3 5000 23666.7 241.667 1204.5
181 3 5000 22666.7 259.333 1213.75
182 2 6500 25500 265.5 1086.33
183 3 5666.67 23666.7 264 1222.25
184 2 4000 18000 228 1099.33
185 6 4833.33 20500 206 1413.43
186 5 5400 23800 203.4 1388.5
187 5 5600 23200 227.6 1395.67
188 4 5000 23250 242.5 1342.8
189 3 5666.67 22000 303 1270.75
190 5 5800 21200 256.2 1402.67
191 3 5666.67 20666.7 257.333 1286.25
192 4 4500 22250 228.5 1375.2
193 7 6285.71 24571.4 238.857 1510
194 1 5000 20000 230 868.5
195 6 5000 24666.7 241 1493.14
196 4 4750 21500 236.5 1386.6
197 1 6000 27000 255 883
198 6 5000 22000 223.5 1520
199 2 4500 21000 229 1189.33
200 2 4000 19000 221.5 1188.33
201 1 6000 33000 272 901.5
202 8 5375 26375 235.125 1596.33
203 1 5000 22000 243 905
204 3 7666.67 24000 273.667 1367.5
205 2 5500 22500 251 1223.67
206 4 5750 26500 259.75 1475.6
207 3 6666.67 20333.3 267 1387.5
208 4 4750 22750 253.5 1490.4
209 3 5333.33 24333.3 268 1382.5
210 1 5000 21000 193 943.5
211 2 5000 21000 266.5 1256
212 2 5000 21500 279.5 1266.67
213 3 5000 22666.7 250.667 1429.5
214 3 5000 24333.3 250.667 1445.75
215 5 5400 26000 266.2 1600.17
216 2 5500 22000 249.5 1292
217 2 5500 25500 289.5 1293
219 4 5250 26000 237.75 1569.8
220 3 4666.67 24333.3 212.667 1479.5
221 1 6000 25000 242 994
222 2 7000 25500 331 1298.67
223 5 5400 28800 238.8 1664.5
224 4 6250 26250 288.75 1604
225 5 5200 25800 221.6 1676.67
226 5 5000 25400 243.6 1670.33
227 2 5000 27000 282 1351.33
228 2 5500 33000 217 1365
229 1 6000 25000 211 1027.5
230 4 5750 24500 269.5 1649
231 2 5500 28000 287.5 1375.67
232 4 4500 25250 256.5 1663.2
233 2 5500 23000 260.5 1389
234 2 5500 26000 254.5 1395.67
235 2 5500 26500 285 1399
236 1 3000 20000 141 1054
237 2 5500 32500 216.5 1418
238 1 5000 31000 221 1065
239 2 5000 25500 267 1427.33
240 3 5333.33 30666.7 255.333 1607.5
241 5 5600 27800 259.4 1795.67
242 1 5000 34000 298 1076.5
243 1 6000 27000 259 1087.5
245 6 5000 29833.3 236.833 1884.43
246 2 4500 24000 202 1469.67
247 2 6500 40500 275.5 1473.67
248 1 5000 26000 284 1111
249 3 8000 37000 271.333 1672
250 3 5000 28666.7 260 1677
252 4 5750 29250 276 1792.6
253 4 5750 29000 253.75 1812.4
254 6 6666.67 27500 274.5 1952.71
255 2 6000 31500 281 1514.33
256 2 5500 25500 291 1523.67
257 3 5666.67 27666.7 254.667 1720.25
258 1 6000 38000 311 1156
259 7 5428.57 28000 228.714 2024.12
260 1 6000 34000 289 1162.5
261 1 5000 25000 281 1165
262 2 5000 25000 224 1553
263 2 5500 32500 279.5 1574.33
264 4 5500 29750 269.5 1891.8
265 2 5000 31000 288 1583
266 2 7000 30000 306.5 1586.33
268 3 5000 28000 291 1803
269 1 4000 31000 208 1210.5
270 1 5000 35000 284 1206.5
271 4 5500 31000 268.75 1947
273 4 5500 28500 263.75 1960.6
274 1 4000 23000 259 1226.5
277 1 5000 31000 280 1246
278 1 4000 40000 167 1243.5
279 1 5000 37000 235 1247.5
280 1 6000 32000 249 1257
281 2 5000 39000 223.5 1676
282 2 6000 36000 291 1682.33
283 3 5333.33 31666.7 261 1905.5
284 2 6000 35500 246.5 1700.33
286 1 6000 27000 293 1280.5
287 2 6000 33500 235 1719.33
288 2 6000 33500 275 1717.67
289 2 5500 32000 311.5 1723.33
290 1 6000 36000 314 1303
293 1 4000 28000 182 1312
294 3 6000 35666.7 268.333 1976.75
295 1 4000 40000 230 1326
296 2 4500 38500 240.5 1772
297 3 6000 37666.7 280.667 2000.5
298 2 5000 28000 256 1785
299 3 5333.33 35333.3 253 2015.5
301 2 4500 37500 264 1796.67
302 4 5250 35250 223.25 2164.6
303 1 5000 35000 238 1360
304 2 7000 47500 290.5 1817.33
305 3 5666.67 35000 262 2048.5
306 4 5500 31250 259.5 2191.2
308 3 5666.67 32333.3 286.333 2072.75
309 1 5000 34000 271 1385.5
310 4 5750 39750 270.25 2224.8
311 2 4000 30000 188.5 1860.67
312 2 5000 33000 236 1865.67
313 2 4500 30000 220 1865.33
314 2 5000 32000 254 1875.33
315 3 5333.33 35333.3 286 2118.25
316 1 4000 39000 235 1411.5
317 2 4500 33500 269 1891
318 3 4666.67 30666.7 231 2139.75
319 1 6000 41000 298 1431.5
320 3 5333.33 35333.3 218.333 2154.5
321 3 5000 33000 256 2154.75
322 3 5666.67 40333.3 267.667 2167
323 2 5000 34500 233 1933.33
324 1 7000 43000 327 1448
325 3 5666.67 33666.7 259.333 2186.75
326 2 8500 35500 268 1944.67
327 5 5200 43600 234 2440
328 2 7500 69000 266.5 1958
329 3 5333.33 35333.3 265.333 2211.5
332 2 5500 42000 270 1983
333 1 4000 38000 208 1490.5
334 1 6000 37000 247 1506.5
335 2 6500 37000 272.5 2001.67
336 1 5000 45000 196 1509
338 2 6000 34000 261 2022.33
340 2 5000 33500 248 2033.33
342 5 5600 40600 268.6 2542
343 1 6000 34000 336 1541
344 3 5000 36000 269.667 2304
345 2 6500 38500 301.5 2060.33
346 1 7000 50000 302 1551
349 1 5000 43000 249 1561.5
350 1 6000 39000 303 1564.5
351 1 6000 37000 347 1573.5
352 4 6000 41250 259.25 2521.2
353 2 5000 47500 285 2081.33
354 5 6000 38200 291.8 2646.33
355 1 5000 39000 248 1597.5
356 1 5000 34000 289 1595.5
357 2 6000 47500 289 2130.33
358 2 5500 49000 312 2140.33
359 2 6000 47000 317.5 2144
361 1 5000 32000 295 1617
362 2 5500 42500 242.5 2163.67
363 1 5000 38000 345 1626
364 2 5000 44500 300 2171.33
366 1 7000 37000 285 1645
367 2 6500 40000 277 2196.67
368 4 6000 42500 286 2641.8
369 2 6000 42000 302.5 2206.67
370 2 6000 39500 234 2212.67
371 5 5600 45600 270.2 2776.17
372 1 5000 34000 239 1674
373 4 5500 40250 286.25 2678.8
375 3 5333.33 48333.3 250 2525.5
376 1 5000 32000 344 1692
377 2 5500 38000 279 2258
379 1 5000 30000 251 1698
380 1 4000 50000 211 1702.5
382 3 6000 43333.3 297.333 2567.5
383 2 6000 52500 235 2289.67
384 1 5000 38000 294 1719.5
385 1 5000 46000 260 1726.5
386 3 5333.33 39333.3 268.667 2595.5
387 2 5500 43000 288.5 2312
389 3 6000 37333.3 289 2614.5
390 1 5000 35000 269 1750
391 3 6000 53000 269.333 2636.75
392 1 5000 41000 212 1754
393 2 6000 44500 259 2348.67
394 3 5666.67 38666.7 294.333 2657.25
395 5 5000 41800 248.4 2950.33
396 1 5000 43000 278 1773.5
397 1 6000 55000 270 1778
399 3 5666.67 37000 285.667 2678.75
400 2 5500 44000 241 2389
401 1 5000 36000 304 1799
402 2 5000 43000 256 2398
403 1 6000 32000 334 1809.5
404 4 4750 42750 245.75 2898
406 1 6000 49000 217 1822.5
408 1 6000 44000 320 1825.5
409 3 4666.67 41333.3 270 2751
410 2 5500 40500 275.5 2456
411 4 5750 43000 227.5 2949.6
412 1 6000 41000 321 1852.5
413 2 5000 41000 239 2467.67
414 2 4500 46500 234.5 2471.33
415 1 5000 52000 217 1862.5
417 2 5000 54000 243 2494
419 1 6000 57000 313 1875.5
421 1 5000 47000 252 1892
422 1 5000 45000 264 1888
424 1 7000 54000 222 1902.5
425 3 5666.67 57666.7 314 2861.75
427 1 5000 53000 246 1913
428 1 4000 50000 178 1918.5
429 1 5000 45000 246 1922
430 3 5333.33 42666.7 264.667 2896.25
432 1 6000 53000 290 1932.5
433 3 7333.33 51000 333.333 2914.75
434 2 5500 46000 282.5 2593.67
437 1 5000 46000 218 1963
438 2 4500 43000 241 2620.67
439 2 5500 54000 283 2627.67
440 2 6500 48000 299 2634.33
443 2 5500 45500 247.5 2650.67
444 2 5500 56000 301.5 2659.33
445 4 5750 58250 255.25 3191.6
446 3 6333.33 42000 303.667 3001.75
449 2 5500 63000 220.5 2676.67
454 1 7000 43000 240 2037
455 2 6000 53500 269.5 2722.67
458 1 6000 44000 268 2056.5
462 1 5000 47000 243 2072.5
466 1 5000 49000 273 2096
467 2 5000 52500 279.5 2791.33
468 1 6000 60000 268 2097.5
469 2 7000 48000 318 2812
470 2 4500 50000 264.5 2812.33
471 1 6000 57000 250 2112.5
474 2 5500 55000 272.5 2832.67
475 2 5500 49000 273 2842.67
476 1 5000 44000 269 2132.5
477 1 7000 52000 372 2139.5
478 1 6000 60000 253 2143.5
479 2 6000 54500 335 2867.33
480 1 6000 46000 259 2160.5
483 2 5500 45500 319 2891
485 1 5000 59000 305 2173
486 1 5000 69000 257 2181
490 3 6333.33 48000 288.333 3297
491 1 5000 54000 317 2205.5
492 2 5000 62500 264 2945
493 3 7000 59666.7 305.333 3317.25
494 1 6000 45000 250 2224
495 1 5000 41000 288 2224
496 2 19500 65500 261.5 2967
497 2 5000 65500 215 2975.33
500 1 4000 62000 216 2240.5
501 3 7000 56333.3 287 3338.75
502 1 10000 87000 262 2253
503 1 5000 55000 225 2251
504 2 7000 64000 325.5 3008.33
505 1 7000 46000 366 2262
506 1 6000 49000 312 2267.5
507 2 6500 54500 338 3025.67
509 2 5000 54000 196 3043.67
510 1 6000 72000 241 2285.5
511 2 5500 53500 323 3052.67
513 3 5666.67 64666.7 309 3457.75
515 2 6000 56000 279 3080.67
516 1 5000 66000 240 2316
518 1 6000 58000 349 2323.5
519 3 6333.33 55333.3 282 3493.25
520 3 5000 57666.7 229.667 3500.5
521 2 7500 96000 307 3119.67
523 1 5000 57000 288 2345.5
524 1 6000 53000 336 2353.5
526 1 6000 52000 317 2355.5
528 1 5000 75000 284 2367.5
531 1 6000 49000 261 2331
534 1 5000 51000 291 2398
535 1 4000 47000 205 2397
537 3 7333.33 63333.3 289.333 3613
538 2 6500 54500 266.5 3217
539 1 5000 46000 320 2414
542 1 6000 54000 280 2432.5
543 1 5000 69000 245 2439.5
545 1 6000 72000 262 2440.5
546 2 6000 79500 236 3269.67
547 1 5000 64000 290 2443
548 1 5000 56000 236 2462.5
549 1 6000 53000 237 2464
551 1 6000 52000 301 2475
555 1 6000 77000 258 2491.5
556 1 5000 77000 271 2486.5
557 1 8000 56000 338 2493.5
558 1 6000 80000 277 2506.5
559 2 6000 48500 308.5 3348.33
560 3 6333.33 71666.7 297.333 3767
562 1 6000 52000 265 2522.5
563 1 5000 54000 276 2523
565 1 7000 61000 335 2534
567 2 6500 74000 314.5 3338.67
568 1 5000 49000 224 2547.5
570 1 6000 56000 309 2556.5
573 1 7000 83000 309 2571.5
574 2 6000 50000 311 3437
575 1 4000 80000 213 2578.5
578 1 4000 63000 322 2593
579 2 5000 58500 244 3465.33
580 4 5750 57750 294.75 4168
581 1 6000 56000 254 2608.5
589 1 5000 57000 290 2643.5
592 3 6000 66333.3 292 3979.75
594 4 5250 60750 283 4266
597 1 5000 88000 254 2680.5
598 1 5000 60000 313 2686.5
602 2 5500 56000 321.5 3603
603 1 5000 77000 286 2702
605 3 5666.67 73000 307.667 4063.5
606 1 6000 83000 292 2720
607 1 5000 63000 274 2729
610 2 5000 70500 299 3655
611 2 6000 62000 298.5 3654.33
613 1 7000 71000 312 2678.5
614 1 6000 58000 254 2753
617 1 5000 73000 294 2767.5
620 1 8000 56000 354 2782.5
622 2 6500 58500 318 3720.67
623 3 6333.33 69000 261 4194.25
624 1 6000 65000 256 2802.5
628 3 6333.33 70000 288.667 4224.75
629 2 5500 62000 284.5 3766.67
630 1 9000 62000 321 2823
637 2 5500 62000 322 3816.33
640 1 8000 65000 339 2869
642 1 6000 77000 298 2884
645 1 7000 90000 341 2899
648 1 8000 52000 310 2910.5
650 2 6500 66500 273 3895.67
653 1 6000 76000 305 2926
655 2 7000 88000 336 3879
658 1 5000 64000 253 2956
663 1 6000 65000 259 2975
664 1 6000 74000 234 2981
666 2 5000 61000 246.5 3979.67
667 1 6000 76000 316 2904.5
668 1 5000 53000 282 2999.5
669 1 5000 83000 221 3003
672 1 8000 76000 342 3017.5
673 1 5000 59000 295 3023.5
674 1 5000 65000 295 3025
677 1 5000 73000 254 3042
679 1 5000 78000 237 3049
680 1 5000 75000 232 3049.5
683 1 6000 93000 282 3062
690 1 5000 108000 270 3099.5
692 1 4000 70000 234 3102
694 1 6000 77000 276 3108
699 1 6000 69000 260 3139
708 1 5000 78000 176 3173
709 1 5000 104000 295 3183
710 2 5500 90000 245 4254
711 2 7000 70000 315 4253.33
715 1 6000 77000 333 3202
716 1 5000 101000 254 3206.5
718 1 6000 77000 325 3223.5
720 1 6000 71000 345 3229.5
724 1 6000 67000 367 3253.5
728 1 7000 72000 353 3271
732 1 5000 72000 290 3285.5
734 1 5000 66000 278 3299.5
735 1 6000 68000 336 3301
737 1 5000 77000 251 3313
738 2 6000 89500 289 4415
740 2 5500 69500 289 4430.33
741 1 7000 74000 299 3330.5
742 2 7500 76500 350 4442.33
744 1 7000 83000 358 3338
750 2 6000 83500 296.5 4489.67
752 1 6000 60000 310 3377
755 1 5000 69000 253 3385.5
757 2 5500 89000 280 4530.33
760 1 5000 80000 328 3406.5
763 1 6000 101000 330 3428
765 1 6000 108000 286 3431
766 2 8500 94000 302 4583.33
767 1 5000 76000 236 3443
771 1 6000 78000 379 3465.5
774 2 5000 95000 284 4635.67
775 1 6000 67000 328 3477
777 3 6333.33 83333.3 300.667 5236.5
781 1 6000 73000 241 3500.5
782 1 6000 74000 343 3517
786 1 6000 95000 279 3529
789 1 6000 93000 321 3545
790 2 6000 95000 351.5 4727
792 1 4000 81000 240 3559.5
795 1 7000 136000 350 3566
796 1 5000 66000 294 3576.5
799 1 5000 81000 255 3591.5
801 1 7000 87000 383 3593
802 1 5000 110000 361 3603.5
807 1 8000 85000 386 3619.5
810 1 5000 112000 276 3634.5
812 1 5000 72000 328 3642
816 1 6000 89000 251 3662
826 1 4000 93000 240 3706.5
830 1 6000 91000 332 3724.5
831 1 6000 85000 303 3738.5
837 1 6000 91000 288 3765.5
839 1 6000 105000 305 3762.5
845 1 7000 141000 319 3792
846 1 6000 82000 292 3798
855 1 6000 121000 260 3846.5
856 1 5000 79000 251 3843
857 3 6000 102667 299.667 5775.5
869 1 5000 91000 279 3905
872 2 6500 117000 318.5 5189.33
879 1 6000 97000 346 3946
880 2 6000 96500 296 5268.67
881 1 6000 97000 296 3958
883 1 5000 105000 269 3962
889 1 8000 173000 335 3997
897 1 6000 131000 318 4032
900 1 6000 138000 273 4043
901 1 5000 106000 247 4044
903 1 5000 120000 215 4062
905 2 9000 87500 309 5419
915 1 6000 151000 289 4102
917 1 6000 95000 276 4125
921 2 5000 94000 334 5508.67
923 1 6000 92000 309 4146.5
927 1 7000 86000 292 4171
928 1 6000 95000 266 4171.5
929 1 6000 75000 353 4175
930 1 7000 164000 381 4181.5
932 1 5000 86000 230 4184
933 1 5000 92000 300 4189
936 1 5000 92000 239 4210
945 1 6000 132000 286 4244.5
950 1 6000 100000 333 4261
951 1 7000 93000 306 4267
953 1 7000 113000 281 4276
959 1 5000 97000 261 4312
962 1 3000 79000 94 3967.5
965 1 7000 121000 311 4337.5
969 1 5000 85000 268 4357
977 1 7000 86000 278 4393.5
985 1 5000 106000 346 4417.5
989 1 7000 101000 281 4434.5
995 2 6000 97500 262.5 5959.33
1004 1 6000 131000 324 4505.5
1018 1 7000 85000 370 4582
1024 1 7000 126000 355 4604.5
1031 1 7000 106000 352 4629
1033 1 6000 108000 331 4500
1039 2 7000 115500 343.5 6221
1052 1 6000 109000 244 4725
1054 1 6000 143000 304 4604.5
1055 1 6000 101000 349 4730
1058 1 5000 100000 251 4752.5
1059 3 5333.33 94333.3 280.667 7134
1065 1 7000 110000 318 4781.5
1070 1 6000 97000 350 4809.5
1075 1 7000 169000 423 4832.5
1088 1 7000 99000 354 4897.5
1112 2 7500 121000 341 6587.33
1114 1 5000 102000 336 5004.5
1120 1 6000 101000 217 5028
1131 1 6000 120000 318 5070
1136 1 5000 145000 259 5106.5
1137 1 6000 350000 314 5096
1143 1 6000 157000 304 5128
1145 1 7000 138000 373 5143
1147 1 5000 143000 272 5161
1151 1 6000 122000 300 5172
1153 1 7000 108000 327 5188
1157 1 8000 169000 252 5192.5
1166 1 6000 107000 346 5237.5
1168 1 6000 149000 337 5250
1173 1 5000 142000 265 5265.5
1182 2 6000 142000 329.5 7076.67
1183 1 5000 136000 244 5320
1186 1 6000 118000 253 5329.5
1192 1 5000 127000 357 5356.5
1193 2 6500 139500 384 7146.67
1194 1 6000 109000 334 5367
1202 1 5000 106000 248 5399.5
1204 1 4000 106000 253 5408
1205 1 4000 138000 240 5419
1206 1 8000 107000 299 5420.5
1207 1 6000 158000 335 5430.5
1209 1 6000 117000 272 5435
1213 1 7000 138000 393 5444
1219 1 7000 111000 345 5479
1224 1 7000 125000 379 5488.5
1229 1 6000 159000 349 5515
1230 1 4000 133000 256 5530
1232 1 4000 143000 251 5536.5
1234 2 6000 114500 326 7399
1235 1 7000 121000 355 5550.5
1236 1 5000 161000 262 5558
1242 1 5000 107000 258 5580
1252 1 5000 117000 267 5624.5
1253 1 7000 123000 286 5629.5
1255 2 5500 116500 269.5 7414.67
1257 1 5000 115000 209 5648.5
1258 1 6000 120000 268 5647.5
1259 1 5000 162000 382 5651
1260 1 6000 117000 307 5663
1271 1 5000 123000 364 5708.5
1274 1 6000 94000 333 5714.5
1293 1 7000 123000 368 5810
1303 1 6000 138000 367 5848.5
1308 1 5000 135000 304 5876
1320 1 11000 169000 339 5920.5
1321 1 9000 115000 298 5935
1322 1 7000 131000 318 5936.5
1324 1 6000 142000 289 5948.5
1325 1 8000 130000 412 5954
1330 1 8000 222000 378 5844
1339 1 7000 163000 279 6013.5
1361 1 6000 192000 315 6109.5
1368 1 5000 184000 295 6157
1374 1 8000 168000 379 6166
1375 1 5000 142000 303 6179.5
1380 1 6000 122000 370 6202.5
1395 1 4000 131000 202 6272
1399 1 7000 126000 291 6285
1405 1 5000 140000 287 6315.5
1406 1 6000 139000 323 6315
1419 1 5000 121000 291 6367
1420 1 6000 200000 276 6367
1422 1 7000 128000 292 6396
1425 2 7000 188000 340.5 8527.67
1438 1 7000 146000 387 6462.5
1455 1 6000 119000 315 6544
1459 1 6000 164000 282 6557.5
1477 1 7000 144000 356 6633
1485 1 7000 147000 368 6676
1486 1 5000 166000 340 6677
1495 1 6000 179000 380 6720
1528 1 7000 170000 350 6858.5
1530 1 7000 141000 366 6869.5
1536 1 5000 214000 367 6901
1542 1 6000 129000 325 6934.5
1546 1 7000 142000 318 6951.5
1557 1 6000 163000 225 6999.5
1571 1 6000 153000 267 7048
1576 1 6000 186000 366 7086.5
1580 1 5000 148000 297 7103
1585 1 5000 154000 306 7124
1595 1 7000 151000 266 7169.5
1596 1 6000 154000 322 7173
1598 1 6000 195000 305 7169.5
1609 1 6000 173000 248 7055
1615 1 7000 196000 285 7258.5
1622 2 5500 174000 241 9721.33
1629 1 5000 212000 225 7325
1643 1 5000 172000 270 7385.5
1649 1 7000 185000 280 7405.5
1655 1 7000 198000 400 7435.5
1658 3 6333.33 173333 313 11174.5
1663 1 6000 158000 354 7473.5
1667 1 6000 236000 317 7496.5
1691 1 6000 143000 261 7596
1701 1 7000 152000 294 7649
1702 1 6000 153000 344 7660.5
1706 1 8000 246000 417 7656
1716 1 8000 166000 380 7710.5
1717 1 5000 255000 270 7563.5
1731 1 6000 172000 313 7773.5
1739 1 7000 148000 403 7799
1755 1 6000 209000 361 7893
1777 1 5000 230000 218 7992
1778 1 7000 209000 244 7990.5
1789 1 7000 164000 280 8047.5
1795 1 5000 132000 265 8064
1799 1 6000 190000 338 8081.5
1809 1 5000 139000 372 8120
1840 1 7000 173000 344 8273.5
1844 1 6000 194000 389 8283
1847 1 7000 161000 318 8303.5
1853 1 8000 160000 322 8331
1856 1 19000 205000 260 8347
1860 1 6000 179000 278 8366.5
1867 1 6000 246000 383 8398
1886 1 7000 231000 284 8464
1890 1 7000 239000 331 8495.5
1903 1 7000 174000 267 8553.5
1908 1 6000 183000 326 8571
1919 1 5000 235000 259 8634
1925 1 6000 230000 268 8641.5
1944 1 6000 247000 277 8728.5
1949 1 7000 229000 320 8757.5
1984 1 8000 189000 370 8917.5
1985 1 5000 292000 294 8916.5
1993 1 5000 214000 302 8958.5
1995 1 10000 199000 338 8955.5
1998 1 7000 223000 394 8982
2000 1 7000 192000 298 8991
2003 1 7000 201000 282 9012
2023 1 7000 244000 314 9093
2041 1 6000 208000 292 9175
2050 1 8000 237000 476 9209.5
2072 1 7000 247000 375 9315
2083 1 5000 183000 206 9367
2105 1 7000 181000 355 9465.5
2107 1 7000 331000 397 9474.5
2121 1 7000 193000 283 9538.5
2122 1 6000 239000 319 9534.5
2136 1 8000 187000 351 9603
2138 1 7000 213000 256 9612.5
2154 1 7000 161000 327 9681.5
2156 1 8000 218000 365 9695.5
2159 1 6000 223000 284 9706
2161 1 5000 229000 263 9720.5
2182 1 8000 234000 287 9804.5
2208 1 7000 305000 352 9919
2219 1 5000 184000 275 9976
2244 1 5000 347000 265 10087.5
2246 1 6000 250000 280 10094.5
2255 1 5000 291000 318 10142.5
2262 1 6000 207000 344 10163.5
2264 1 6000 235000 227 10177.5
2295 1 6000 232000 314 10321.5
2297 1 7000 240000 372 10321.5
2305 1 6000 321000 276 10350
2326 1 6000 263000 365 10455.5
2327 1 5000 296000 316 10465
2340 1 6000 307000 332 10509
2351 1 6000 264000 307 10573
2360 1 7000 218000 318 10611
2374 1 8000 273000 350 10675
2397 1 8000 373000 437 10765.5
2403 1 7000 218000 271 10795
2409 1 6000 264000 273 10824.5
2413 2 5500 286000 317 14463.3
2503 1 6000 215000 266 11253
2543 1 6000 301000 324 11437
2576 1 8000 234000 283 11584.5
2584 1 5000 248000 290 11618.5
2600 1 7000 362000 362 11682
2610 1 7000 327000 369 11742
2614 1 9000 259000 394 11752
2627 1 7000 220000 336 11808
2645 2 7000 328500 333 15857.7
2655 1 9000 284000 307 11927
2657 1 7000 246000 306 11945
2665 1 7000 286000 290 11986
2680 1 7000 251000 275 12034.5
2694 1 6000 241000 279 12099
2732 1 6000 270000 318 12260.5
2766 1 8000 264000 381 12431.5
2769 1 6000 279000 293 12437
2770 1 7000 247000 362 12450
2793 1 5000 242000 293 12559.5
2800 1 7000 242000 364 12588
2839 1 5000 262000 254 12761
2887 1 6000 248000 290 12967
2914 1 7000 273000 349 13112.5
2919 1 9000 317000 423 13124
2933 1 7000 294000 352 13191
2936 1 7000 301000 330 13207.5
2955 1 5000 340000 274 13287
2961 1 6000 333000 386 13307
2977 1 8000 287000 321 13387.5
2980 1 7000 272000 344 13402.5
3016 1 5000 345000 355 13557.5
3039 1 10000 659000 403 13660.5
3056 1 7000 359000 340 13734.5
3082 1 7000 289000 367 13853
3107 1 13000 554000 399 13960
3115 1 8000 389000 406 13984.5
3185 1 6000 319000 300 14322.5
3196 1 9000 328000 377 14366
3231 1 7000 298000 381 14522
3283 1 7000 327000 370 14765
3286 1 8000 309000 340 14778
3308 1 6000 303000 373 14867.5
3317 1 7000 366000 349 14893.5
3335 1 5000 418000 248 14987
3352 1 7000 473000 372 15048.5
3366 1 6000 266000 397 15115.5
3367 1 7000 424000 450 15133.5
3368 1 6000 281000 288 15141
3407 1 6000 502000 366 15320.5
3416 1 7000 339000 419 15365.5
3462 1 8000 310000 314 15570.5
3471 1 6000 361000 331 15600
3561 1 6000 285000 310 16014
3593 1 7000 313000 315 16154
3653 1 8000 313000 313 16179
3666 1 8000 440000 401 16479
3667 1 7000 356000 389 16495
3707 1 7000 424000 340 16676
3733 1 10000 297000 335 16538.5
3740 1 7000 382000 375 16796
3763 1 8000 390000 378 16923.5
3764 1 12000 372000 332 16924
3768 1 5000 346000 357 16938.5
3792 1 7000 519000 350 17052
3828 1 8000 443000 414 17192.5
3836 1 5000 452000 342 17218.5
3868 1 8000 364000 416 17397.5
3926 1 5000 587000 273 17648
3963 1 4000 565000 239 17811
3977 1 7000 376000 392 17873
3985 1 8000 331000 346 17900
4006 1 5000 533000 314 17988.5
4024 1 6000 997000 270 18095.5
4029 1 7000 404000 262 18097
4178 1 6000 372000 278 18782.5
4227 1 7000 465000 342 19005
4278 1 5000 415000 263 19237.5
4281 2 13500 627000 390.5 25660.7
4292 1 6000 541000 325 19298
4294 1 8000 413000 401 19312
4308 1 7000 426000 326 19371.5
4361 1 8000 498000 333 19607.5
4369 1 8000 433000 397 19633.5
4381 1 8000 351000 400 19699
4405 1 4000 563000 215 19795
4416 1 7000 582000 345 19852.5
4472 1 7000 403000 339 20094
4478 1 6000 431000 337 20137.5
4496 1 7000 470000 295 20185
4549 1 7000 520000 348 20456.5
4554 1 8000 483000 383 20472.5
4619 1 8000 508000 336 20777.5
4677 1 8000 434000 363 21032.5
4684 1 3000 399000 109 19321
4698 1 9000 625000 382 21111.5
4745 1 9000 436000 455 21333
4754 1 6000 355000 369 21374
4773 1 7000 605000 380 21460
4810 1 6000 441000 363 21637.5
4905 1 6000 615000 391 22048
4923 1 8000 478000 422 22132
4950 1 8000 480000 407 22257
5001 1 7000 631000 252 22494
5049 1 7000 629000 369 22701.5
5148 1 6000 664000 399 23150
5188 1 6000 429000 284 23334.5
5219 1 6000 499000 299 23469
5237 1 7000 500000 292 23323
5285 1 8000 1.523e+06 380 23776.5
5296 1 8000 500000 392 23791.5
5438 1 7000 752000 334 24445
5457 1 8000 520000 371 24543
5564 1 8000 517000 469 25001.5
5722 2 6000 630500 211.5 32877.7
5753 1 10000 1.08e+06 334 25863.5
5974 1 11000 621000 454 26867
5981 1 6000 652000 301 26899
6017 1 7000 802000 363 27046.5
6026 1 9000 600000 368 27097
6097 1 10000 534000 483 27423
6149 1 7000 531000 343 27657.5
6210 1 8000 534000 351 27931
6222 1 6000 813000 366 27978
6238 1 7000 591000 387 28044.5
6273 1 7000 710000 307 28195
6310 1 6000 535000 314 28357.5
6352 1 7000 612000 354 28573.5
6560 1 7000 1.159e+06 312 29470.5
6668 1 6000 698000 324 29995.5
6679 1 6000 1.466e+06 213 27547.5
6735 1 8000 770000 378 30089
6902 1 9000 842000 392 30901.5
6924 1 7000 640000 331 31122.5
7129 1 8000 695000 315 32068
7161 1 10000 940000 367 32204.5
7202 1 9000 754000 400 32388.5
7236 1 8000 1.281e+06 354 32546
7381 1 8000 613000 370 33161.5
7828 1 9000 863000 522 35206
8316 1 8000 817000 412 37406
8340 1 7000 1.097e+06 327 37499.5
8492 1 8000 688000 379 38203.5
8572 1 8000 726000 364 38438
8634 1 8000 929000 389 38817.5
8646 1 8000 771000 441 38848
8677 1 8000 1.043e+06 378 39009
8679 1 8000 911000 429 39041.5
8994 1 7000 1.104e+06 316 40439.5
9013 1 9000 885000 398 40547.5
9233 1 7000 1.204e+06 401 41513
9350 1 7000 1.022e+06 361 42053
9556 1 8000 1.177e+06 386 42968.5
9709 1 8000 878000 363 43671
9712 1 7000 1.664e+06 407 43689.5
9750 1 7000 995000 421 43862
9790 1 5000 872000 198 40380
10109 1 8000 1.225e+06 418 45468.5
10180 1 9000 1.295e+06 470 45749.5
10326 1 8000 1.174e+06 343 46105
10415 1 7000 1.351e+06 349 46846.5
10447 1 9000 1.084e+06 412 46991.5
10488 1 9000 909000 446 47131
10725 1 8000 1.381e+06 399 48220.5
10881 1 9000 1.497e+06 432 48948.5
11076 1 7000 966000 308 49780.5
11114 1 9000 1.588e+06 447 49943
11217 1 4000 1.295e+06 249 50225
11489 1 9000 1.316e+06 416 51626
11683 1 7000 939000 319 52522.5
11727 1 8000 1.321e+06 508 52707
12454 1 8000 1.217e+06 361 55765.5
12797 1 9000 1.722e+06 421 57182
12836 1 8000 1.108e+06 395 57736.5
12897 1 8000 1.481e+06 391 58010
13120 1 9000 1.3e+06 420 58895.5
13366 1 8000 1.432e+06 346 60126
13397 1 9000 1.239e+06 493 60117
13518 1 6000 1.385e+06 420 60810
14317 1 8000 2.252e+06 484 64391
15136 1 9000 2.379e+06 484 67846
15246 1 8000 1.422e+06 380 68568
15537 1 6000 3.331e+06 183 64086
16172 1 8000 1.747e+06 406 72747.5
16227 1 9000 1.546e+06 448 72992.5
16483 1 10000 2.054e+06 425 74116
17025 1 4000 2.071e+06 124 70228
17148 1 8000 1.799e+06 399 77124.5
18135 1 9000 2.664e+06 437 81415.5
18342 1 8000 1.451e+06 380 82468
18416 1 3000 1.949e+06 108 75965.5
19247 1 6000 2.03e+06 343 86560
19261 1 9000 1.599e+06 455 86522
20532 1 9000 2.624e+06 531 92355
20645 1 5000 1.887e+06 395 92697
20898 1 7000 2.091e+06 373 94000.5
21715 1 8000 2.241e+06 342 97664.5
22469 1 8000 2.601e+06 432 101033
22774 1 8000 2.98e+06 409 102070
23317 1 6000 2.69e+06 350 104851
23346 1 8000 3.158e+06 410 104994
23962 1 7000 3.145e+06 369 107666
24303 1 6000 2.551e+06 213 100246
24785 1 6000 3.856e+06 303 111256
26876 1 8000 2.839e+06 368 120888
27069 1 10000 2.967e+06 461 121734
27114 1 9000 2.924e+06 441 121583
27571 1 7000 2.487e+06 396 124012
27888 1 8000 3.037e+06 401 125414
29389 1 7000 3.245e+06 425 132192
30258 1 8000 3.762e+06 510 135910
32109 1 6000 3.122e+06 349 144409
32473 1 7000 4.167e+06 396 145788
33795 1 8000 4.781e+06 451 151986
35624 1 8000 3.905e+06 346 160226
36358 1 8000 3.697e+06 486 163530
36466 1 6000 3.233e+06 198 150418
36637 1 3000 3.211e+06 124 151128
38101 1 9000 4.306e+06 429 171144
38223 1 7000 4.566e+06 380 171530
40356 1 7000 4.98e+06 341 181512
40892 1 4000 5.304e+06 110 168679
46428 1 4000 5.112e+06 252 198118
49414 1 9000 5.269e+06 481 221924
52804 1 12000 5.451e+06 496 237381
54230 1 7000 7.381e+06 226 242171
59840 1 5000 5.588e+06 169 246836
61599 1 8000 6.435e+06 444 276702
68693 1 4000 6.856e+06 183 283354
74352 1 5000 8.585e+06 169 306698
91478 1 5000 9.767e+06 238 408511
121238 1 4000 1.1566e+07 238 541410
139632 1 4000 1.2945e+07 169 575978
