0 1003.31 1002.83 2.80629 1
1 1005.88 1004.81 5.57889 2
2 1011.55 1009.7 7.57281 2.99998
3 1024.46 1022.08 9.1091 3.99963
4 1037.94 1047.43 10.4133 4.99323
5 1027.03 1094.59 11.0405 5.92
6 1100 1200 12.7 6.66667
7 1000 1444.44 12.1111 7.2
8 1100 1400 13.7 8.18182
9 1200 1200 10.6 8.33333
10 1666.67 2000 16 8.25
11 1000 1333.33 16 9
12 1666.67 1666.67 19.6667 9.75
13 1000 2000 14.6667 12
14 1500 2000 18 12
15 1000 2000 14.5 10.6667
16 1000 2000 17.25 13.6
17 1333.33 2333.33 23.6667 13.5
19 1000 2000 17 10
20 2000 2000 16 10.5
21 2000 2000 24 11
22 1000 2000 27 15.3333
23 1500 2000 19.5 16
26 1500 3000 13.5 18
27 1666.67 3000 20.6667 21
29 2000 3000 26 20
32 1000 4000 18 16.5
33 1000 3000 21 22.6667
34 2000 3000 25 23.3333
36 2000 3000 25 24.6667
37 2000 3000 15 19
39 2000 4000 24 26.6667
41 2000 3000 24 21
42 2000 5000 20.5 28.6667
44 2000 4000 16 30
46 2000 4000 21 23.5
48 2000 4000 24.5 32.6667
49 1000 4000 27 25
51 1500 5500 15.5 34.6667
53 2000 5000 24 36
54 2000 4000 26 27.5
56 1000 4000 17 28.5
59 2000 6000 28 30
62 2000 5000 22 31.5
68 2000 5000 36 34.5
70 1333.33 5000 23 53.25
72 2000 5000 27 36.5
74 2000 6000 15 37.5
75 2000 5000 20 38
76 2000 5000 35.5 51.3333
80 2000 5000 29 40.5
81 2000 7000 24 41
82 2000 6000 21 41.5
86 2000 6000 27 58
87 1500 5000 25.5 58.6667
89 2000 7000 32 45
90 2000 6000 33 60.6667
98 1500 6000 21 66
101 2000 6000 19 51
103 2000 7000 32 52
104 2000 7000 36 52.5
105 2000 8500 29.5 70.6667
106 2000 7000 38 53.5
107 2000 7000 33 54
108 2000 9000 26 54.5
111 2000 7000 40 56
122 2000 7000 35 82
126 2000 10000 32 63.5
130 2000 10000 28 65.5
133 2000 12500 28 89.3333
134 2000 10000 34 67.5
139 2000 9000 32 70
143 2000 9000 29 96
149 2000 10000 32 75
150 2000 10000 26 75.5
151 2000 10000 26 76
153 2000 10500 33 102.667
161 2000 9000 30 81
167 2000 11000 32 84
174 2000 20000 18 87.5
184 2000 13000 39 92.5
192 2000 12000 28 96.5
195 2000 12000 26 98
200 2000 19000 35 100.5
203 2000 13000 32 102
204 2000 18000 34 102.5
208 3000 16000 40 104.5
211 2000 15000 34 106
216 2000 14000 48 108.5
222 2000 14000 37 111.5
223 2000 16000 39 112
225 2000 16000 49 113
227 2000 25000 23 114
229 2000 16000 33 115
231 2000 15000 35 116
235 1000 16000 14 118
239 2000 21000 26 120
240 2000 14000 31 120.5
252 2000 16000 46 126.5
262 1000 15000 26 131.5
266 2000 19000 35 133.5
267 3000 20000 42 134
270 2000 17500 36.5 180.667
287 3000 21000 41 144
289 2000 29000 36 145
290 2000 19000 31 145.5
309 2000 23000 41 155
313 2000 20000 36 157
322 2000 21000 35 161.5
330 2000 22000 39 165.5
352 2000 23000 24 176.5
357 2000 23000 30 179
358 2000 32000 35 179.5
359 2000 21000 37 180
370 2000 29000 30 185.5
372 2000 30000 29 186.5
377 2000 22000 41 189
388 2000 27000 30 194.5
390 3000 32000 48 195.5
392 2000 29000 38 196.5
398 2000 24000 38 199.5
405 2000 24000 37 203
416 2000 30000 39 208.5
434 2000 30000 44 217.5
442 3000 31000 41 221.5
453 2000 27000 28 227
454 2000 31000 53 227.5
477 2000 31000 33.5 318.667
483 3000 36000 44 242
488 2000 32000 35 244.5
508 2000 42000 30 254.5
524 2000 30000 41 262.5
531 3000 34000 40 266
538 2000 32000 42 269.5
542 3000 48000 46 271.5
565 2000 33000 29 283
570 2000 36000 31 285.5
595 3000 35000 50 298
623 2000 44000 36.5 416
649 3000 42000 36 325
689 2000 44000 33 345
727 2000 47000 37 364
738 3000 67000 34 369.5
764 2000 50000 39 382.5
777 2000 46000 36 389
784 3000 49000 46 392.5
808 3000 49000 41 404.5
871 2000 52000 43 436
879 3000 60000 47 440
954 2000 58000 36 477.5
957 2000 58000 49 479
1013 2500 77000 49.5 676
1047 3000 67000 34 524
1224 3000 77000 51 612.5
1225 2000 75000 44 613
1268 2000 93000 30 634.5
1301 3000 86000 52 651
1313 2000 77000 37 657
2475 3000 202000 50 1238
