0 1002.82 1002.43 2.78918 1
1 1005.88 1004.33 5.46 2
2 1027.73 1017.66 6.94882 2.99998
3 1029.46 1047.77 6.75904 3.99994
4 1054.94 1116.96 8.30733 4.99965
5 1097.61 1222.49 9.30526 5.99854
6 1112.27 1408.92 9.43606 6.9974
7 1164.03 1602.27 9.93083 7.99605
8 1149.11 1725.82 9.84843 8.99446
9 1155.63 1811.85 10.2927 9.9884
10 1186.64 1870.33 10.1061 10.9784
11 1235.73 1937.97 10.2308 11.9703
12 1200.61 1948.33 10.4438 12.9606
13 1204.15 1986.16 9.69204 13.9517
14 1203.79 2028.44 10.0995 14.9292
15 1225.17 2013.25 10.2914 15.8947
16 1224.49 2054.42 9.85034 16.8851
17 1213.11 2081.97 10.459 17.8537
18 1273.68 2073.68 11.0632 18.8021
19 1200 2094.74 10.8842 19.7917
20 1184.62 2107.69 10.0308 20.6818
21 1213.33 2146.67 11.2133 21.7105
22 1210.53 2228.07 9.89474 22.6034
23 1244.44 2355.56 10.7333 23.4783
24 1204.08 2489.8 9.53061 24.5
25 1170.21 2510.64 9.25532 25.4583
26 1218.75 2687.5 9.875 26.1818
27 1129.03 2677.42 10.129 27.125
28 1178.57 2928.57 8.5 28
29 1142.86 2892.86 9.32143 28.9655
30 1344.83 3000 12.3103 29.9667
31 1111.11 2851.85 9.40741 30.8571
32 1150 2950 9.2 31.4286
33 1227.27 3045.45 10.4091 32.5217
34 1043.48 3043.48 10.087 33.5417
35 1222.22 3055.56 8.55556 34.1053
36 1166.67 3083.33 9.5 34.1538
37 1071.43 3142.86 10.2857 35.4667
38 1076.92 3000 10.0769 36.2143
39 1142.86 3000 8.28571 35
40 1000 3250 10.625 36.4444
41 1000 3000 8.7 38.1818
42 1142.86 3142.86 11.2857 37.625
43 1142.86 3285.71 9.42857 38.5
44 1250 4000 14.25 36
45 1166.67 3500 11 39.4286
46 1000 3714.29 9.42857 41.125
47 1200 3400 10.2 40
48 1000 4000 10.2 40.8333
49 1000 4000 8.75 40
50 1750 4500 16.5 40.8
51 1250 3750 11.75 41.6
52 1400 4400 13.4 44.1667
53 1000 5000 9 36
54 1000 5500 8.5 36.6667
55 1000 3800 11.4 46.6667
56 1000 4000 10.5 38
57 1400 4000 15.8 48.3333
58 1500 6250 10.75 47.2
59 1500 5500 10.5 40
60 1200 4400 9.8 50.8333
61 1000 4000 14 31
62 1500 4500 17 42
63 1250 4500 10.75 51.2
64 1200 4800 8.8 54.1667
65 1000 4000 13 33
66 1000 7000 11 33.5
67 1000 5666.67 12 51
68 1000 5000 7 34.5
70 1000 7000 13 35.5
72 1000 5000 14 36.5
73 2000 6000 11 37
76 1000 7333.33 8.66667 57.75
77 2000 6500 21 52
78 1333.33 7666.67 11 59.25
79 2000 7000 13 40
80 2000 7000 26 40.5
81 1500 8000 9 54.6667
82 1000 7500 9 55.3333
83 1500 8000 18.5 56
84 1000 6500 12 56.6667
87 1000 8500 10 58.6667
91 1000 9000 9 61.3333
93 1000 10000 9 62.6667
99 1000 10000 8 50
100 1000 11000 11 50.5
101 1000 9000 11 51
102 1000 10000 10 51.5
106 1000 11000 10.5 71.3333
110 1000 11000 13 55.5
112 1000 10000 17 56.5
113 1000 11000 8 57
114 1000 11000 11.5 76.6667
120 1000 11000 9 60.5
121 1500 10500 15 81.3333
122 2000 12000 15 61.5
127 1000 12000 17 64
130 1000 11000 8 65.5
131 1000 13000 11 66
133 1500 13000 12.5 89.3333
143 1000 13000 9 72
157 2000 11000 27 105.333
160 1000 14000 12 80.5
163 1000 13000 11 82
164 1000 14000 6 82.5
193 2000 14000 31 97
223 1000 21000 12 112
357 1000 32000 6 179
405 1000 35000 11 203
480 2000 29000 31 240.5
562 1000 48000 14 281.5
670 2000 56000 36 335.5
